$ANSIBLE_VAULT;1.1;AES256
39613831623162376639643135623830303236613734646639383465346163346262376134643165
6663333336643362383134353135373932376161303734650a336662353634343565616662363464
32373135343966333461656364316265333333663030643262313332326165633762313235313963
6363303230646232390a393630666237343834646564353430646536396632616562326230616339
38366236366539323663643932313665366334626466616239396536643839343634326463313662
34363034666162303663626363393032333964373937386431396662623239323262623039643835
37373431666463626639336163313166646666333735386365643066343239363662656163623234
61326433396564333764373062383261353332316632653938343463313735656161313963343134
66653233666562313865393365316331346534656334663636386433363961336262316538623166
30373139656535356234363965653030643433626664376336366262303035656432386139393532
66346365363339613834376436346639366464646332636331373438366533623061346638306466
32306330336662653961663132313035646565623931353234353738353539613138643439623837
6631
